#
#
#  Percent Identity  Matrix - created by Clustal2.1 
#
#

     1: AC197859.4                      100.00   70.45   93.59   94.41   93.87   98.89   97.20   98.05   96.94   96.94   97.21
     2: AY663543.1                       70.45  100.00   68.54   73.70   68.93   69.06   68.41   69.13   68.77   68.47   68.47
     3: JF293098.1                       93.59   68.54  100.00   97.59   97.07   93.45   93.27   93.62   93.28   93.45   93.11
     4: NC_000004.12_73404287-73421482   94.41   73.70   97.59  100.00   99.05   94.41   94.05   94.40   94.06   94.23   93.89
     5: JF293097.1                       93.87   68.93   97.07   99.05  100.00   93.80   93.45   93.80   93.46   93.63   93.46
     6: JF293100.1                       98.89   69.06   93.45   94.41   93.80  100.00   96.30   96.73   96.22   96.31   95.96
     7: JF293103.1                       97.20   68.41   93.27   94.05   93.45   96.30  100.00   98.28   97.85   97.93   97.59
     8: MF693807.1                       98.05   69.13   93.62   94.40   93.80   96.73   98.28  100.00   98.54   98.62   98.28
     9: JQ821910.1                       96.94   68.77   93.28   94.06   93.46   96.22   97.85   98.54  100.00   98.88   98.54
    10: JQ821907.1                       96.94   68.47   93.45   94.23   93.63   96.31   97.93   98.62   98.88  100.00   99.14
    11: JF293108.1                       97.21   68.47   93.11   93.89   93.46   95.96   97.59   98.28   98.54   99.14  100.00